2000-01-08T16:47:14 131  -16.855 -174.203   7.2   17518453.5988  1556057.9517 0.17765
2000-01-13T20:07:12 502  -17.55 -178.714   6.2   17278323.5585  993298.9628 0.11498
2000-01-15T12:49:43 601  -21.127 -179.203   6   13566114.5443  417836.4362 0.0616
2000-01-19T07:09:33 206  36.387 70.381   6   11028244.268  1179606.2899 0.21392
2000-01-28T16:39:23 185  26.062 124.547   6   61493902.6588  1411099.2501 0.045894
2000-02-13T02:57:07 502  42.863 131.68   6   5602453.8363  214779.2799 0.076673
2000-02-26T08:11:48 133  13.757 144.82   6.2   7006041.5827  101123.1224 0.028867
2000-03-03T22:09:15 162  -7.34 128.62   6.4   30196968.2463  1106650.5838 0.073295
2000-04-03T15:20:02 162  4.095 125.592   6.2   41391584.0238  1324766.1536 0.064011
2000-04-18T17:28:08 182  -20.59 -176.437   5.9   19152275.9785  394198.3549 0.041165
2000-04-23T17:01:17 605  -28.332 -62.926   6.1   9861919.8214  4776275.5444 0.96863
2000-05-08T10:28:25 503  -4.457 150.017   6.1   26972577.9448  763618.572 0.056622
2000-05-12T18:43:15 194  -23.779 -66.74   7.1   13082271.0856  428657.4833 0.065533
2000-06-09T23:31:46 494  30.453 137.745   6.3   6925516.8062  836080.1344 0.24145
2000-06-09T22:35:15 491  30.429 137.701   5.8   6179626.3707  1224355.931 0.39626
2000-06-14T17:00:50 116  4.505 127.683   6.3   13859612.8696  993770.6649 0.14341
2000-06-14T02:15:28 631  -25.626 178.058   6.4   17427972.3533  1888235.9894 0.21669
2000-06-21T16:25:08 131  14.037 144.932   5.9   7896016.2177  790018.6973 0.20011
2000-07-10T10:39:39 107  -4.501 103.766   5.8   28922348.9463  535370.7193 0.037021
2000-07-10T09:58:18 353  46.846 145.381   5.8   36927545.5968  1716111.3227 0.092945
2000-07-15T07:13:45 228  -7.024 128.935   5.9   13921250.1803  200836.2507 0.028853
2000-07-17T22:53:44 114  36.265 70.958   6.3   16198280.5909  1015077.0135 0.12533
2000-08-06T07:27:14 417  28.795 139.598   7.3   28726236.9339  1185589.1923 0.082544
2000-08-07T14:33:56 666  -6.979 123.425   6.5   28854656.4992  4883942.3031 0.33852
2000-08-15T04:30:08 350  -31.561 179.744   6.6   59515860.5518  1223845.5773 0.041127
2000-09-02T17:02:17 650  -19.953 -179.084   6   15825586.3614  327533.5095 0.041393
2000-09-11T17:17:53 117  -15.912 -173.662   6.3   14073298.4119  617630.1689 0.087773
2000-09-26T16:49:35 160  1.122 127.529   5.8   20888022.9861  310865.0392 0.029765
2000-10-04T14:37:45 113  11.153 -62.481   6.1   5331799.0409  363165.55 0.13623
2000-10-21T22:30:33 162  13.734 120.747   5.8   34421675.7476  462292.7058 0.026861
2000-12-21T02:41:23 392  -5.385 154.165   5.9   9867593.6426  257661.3313 0.052224
2000-12-22T10:13:01 145  44.788 147.197   6.2   13204741.8781  400742.9235 0.060697
2001-01-09T16:49:29 113  -14.967 167.193   7.1   88641737.3428  1035975.8983 0.023374
2001-02-25T02:21:58 186  36.482 70.865   6.2   10216511.0992  1630221.0403 0.31913
2001-03-14T18:56:21 135  0.394 121.923   6   21046177.1117  672177.9503 0.063876
2001-04-28T04:49:51 341  -18.059 -176.937   6.9   10284221.1288  1393450.6655 0.27099
2001-05-19T17:36:26 375  -19.936 -177.492   5.9   22211528.3055  658848.6949 0.059325
2001-05-25T05:06:08 131  -7.864 110.127   6.3   8046784.8984  834163.3372 0.20733
2001-05-26T10:57:24 392  -20.299 -177.833   6.4   8086190.5305  196869.2438 0.048693
2001-06-03T02:41:58 188  -29.681 -178.615   7.1   18292515.0323  817625.957 0.089395
2001-06-19T09:32:24 145  -22.829 -67.975   6   12720331.5538  482797.5763 0.07591
2001-06-29T18:35:50 272  -19.725 -66.272   6.1   16598301.4023  964879.9209 0.11626
2001-07-03T13:10:46 325  21.635 142.988   6.5   10035202.6043  1160181.9093 0.23122
2001-07-04T07:06:30 179  -21.735 -176.727   6.5   24399852.7739  319431.2896 0.026183
2001-07-28T07:32:43 134  59.014 -155.089   6.8   14267985.4666  227296.2338 0.031861
2001-09-12T08:48:37 611  -21.015 -179.06   6.4   12500680.2846  715959.8731 0.11455
2001-09-18T02:19:31 145  -7.513 127.71   6   10331671.135  258376.7861 0.050016
2001-09-22T03:23:38 178  3.887 -75.895   5.9   19225208.1682  612720.3288 0.063741
2001-10-03T17:25:12 277  47.077 148.63   5.9   14398157.8815  354121.121 0.04919
2001-11-05T23:07:10 552  -17.339 -179.156   6.3   11672908.034  1460687.7159 0.25027
2001-12-02T13:01:53 123  39.437 141.156   6.5   29301854.2005  561364.1208 0.038316
2001-12-02T02:47:57 112  -12.786 166.661   6   17106628.6979  1735153.1226 0.20286
2001-12-27T10:54:53 173  -14.734 167.239   6.1   7315446.3917  287639.1864 0.078639
2002-01-01T11:29:22 140  6.282 125.749   6.3   24161484.4697  198112.0174 0.016399
2002-01-03T07:05:26 115  36.039 70.679   6.2   13184068.3118  291458.8894 0.044214
2002-01-07T13:26:29 634  18.933 144.971   5.9   14384709.9551  1238313.9446 0.17217
2002-02-01T21:55:20 353  45.404 136.682   5.9   14557009.171  2135491.5676 0.2934
2002-03-03T12:08:18 209  36.496 70.517   7.3   84731303.9019  1001494.6068 0.023639
2002-03-19T22:14:16 166  -6.507 129.888   6.1   12694702.3675  1245999.0366 0.1963
2002-05-04T07:00:48 562  -17.94 -178.703   5.8   5288202.3716  331131.9259 0.12523
2002-06-03T09:15:02 507  27.454 139.912   5.9   7336790.7738  229426.7285 0.062541
2002-06-28T17:19:30 568  43.763 130.665   7.3   13060079.2896  1723982.0248 0.26401
2002-06-30T21:29:36 627  -22.237 179.239   6.5   5811917.3347  362069.5972 0.1246
2002-08-02T23:11:38 425  29.186 139.115   6.3   6169395.1333  493815.5136 0.16009
2002-08-12T02:59:24 112  -19.423 168.999   6   11336172.3847  1152052.9489 0.20325
2002-08-19T11:08:22 650  -23.868 178.454   7.7   72679870.0698  4091997.9169 0.1126
2002-09-15T08:39:31 574  44.763 130.042   6.4   12375714.8339  691351.7074 0.11173
2002-09-24T03:57:20 105  -31.449 -69.139   6.3   16409249.1524  524045.2723 0.063872
2002-10-03T19:05:11 326  -7.513 115.677   6   24192220.1094  1329879.3242 0.10994
2002-10-04T19:05:49 628  -20.98 -178.968   6.3   10440976.9386  1152204.5553 0.22071
2002-10-12T20:09:09 516  -8.316 -71.67   6.9   19442203.5382  1844943.7877 0.18979
2002-10-16T10:12:23 123  51.868 157.264   6.2   22287735.1771  345157.6842 0.030973
2002-10-17T04:23:54 611  -19.813 -178.386   6.2   12115473.3968  480196.5655 0.07927
2002-10-22T11:39:04 555  -20.672 -178.412   6.2   14861708.4086  291286.1534 0.0392
2002-11-12T01:46:49 119  -56.582 -27.717   6.2   26410587.0049  867608.9978 0.065702
2002-11-17T04:53:55 484  47.771 145.994   7.3   54670563.4833  2174822.1024 0.079561
2002-11-17T04:53:47 456  47.99 146.398   5.8   187145309.8575  1839119.2748 0.019654
2003-01-04T05:15:05 390  -20.648 -177.628   6.5   22177997.6101  448323.0442 0.04043
2003-03-10T02:09:38 107  1.704 127.275   6.4   41600741.4259  3829415.7588 0.1841
2003-03-14T12:54:11 272  -17.457 -175.129   6.4   8469344.917  410829.4373 0.097016
2003-05-05T15:50:08 127  0.194 127.358   6.4   19166982.9961  1508625.5289 0.15742
2003-05-19T10:43:21 548  -18.118 -178.639   6   13801790.0369  373365.5076 0.054104
2003-05-26T23:13:31 587  6.771 123.807   6.8   40026996.4036  2441513.4255 0.12199
2003-06-12T08:59:20 184  -6.001 154.798   6.3   13596053.3786  361852.9584 0.053229
2003-06-16T22:08:02 182  55.479 159.941   6.9   36026255.3905  1212247.683 0.067298
2003-06-20T06:19:40 572  -7.625 -71.713   7   4856384.8227  911373.0819 0.37533
2003-07-01T05:52:24 617  4.587 122.644   6   12369698.7946  1556426.3478 0.25165
2003-07-21T13:53:59 197  -5.502 148.807   6.4   12635316.125  2719097.3408 0.4304
2003-07-27T06:25:31 468  47.105 139.215   6.8   15268762.6814  1309586.5023 0.17154
2003-07-27T02:04:11 211  -21.119 -176.557   6.6   41956091.796  1769480.6226 0.084349
2003-08-31T23:07:59 467  43.397 132.316   6.2   3860341.5507  471078.602 0.24406
2003-09-05T01:23:02 132  5.301 95.899   5.9   16264865.6035  849567.742 0.10447
2003-09-17T21:34:47 126  -21.427 -68.27   5.8   15159655.2603  2036613.4473 0.26869
2003-10-15T02:19:41 552  -17.839 -178.694   6   9621237.4796  1313962.2909 0.27314
2003-10-17T10:19:09 150  -5.504 154.179   6.4   11206067.8796  491793.8155 0.087773
2003-11-06T10:38:05 120  -19.279 168.89   6.6   20898663.3383  352896.0774 0.033772
2003-11-11T18:48:25 109  22.374 143.37   6   11661422.8393  380201.4042 0.065207
2003-11-12T08:26:43 382  33.242 137.052   6.4   9894842.2645  1491617.9149 0.30149
2004-01-25T11:43:10 130  -16.845 -174.17   6.7   34871937.0328  654080.5465 0.037513
2004-03-12T22:45:16 207  36.409 70.743   5.8   15135987.6308  2221411.9564 0.29353
2004-03-17T03:21:06 291  -21.126 -65.632   6.1   17307196.758  378578.8278 0.043748
2004-04-05T21:24:00 169  36.558 71.003   6.6   15638680.0219  1405523.0556 0.17975
2004-04-09T15:23:34 231  -13.169 167.165   6.5   8450670.5468  260432.5584 0.061636
2004-04-14T01:33:03 143  -17.889 -174.515   6   22015770.5429  155769.9615 0.014151
2004-06-06T09:38:05 577  -6.051 113.113   5.9   18197476.0475  1046893.9023 0.11506
2004-06-10T15:19:56 187  55.698 159.993   6.9   41239831.5669  1094032.7983 0.053057
2004-06-22T09:04:41 143  -10.935 166.206   5.8   10279088.6671  176491.6214 0.03434
2004-07-08T10:30:47 123  47.164 151.371   6.4   11176623.7904  352840.3857 0.063139
2004-07-15T04:27:13 560  -17.704 -178.767   7   47606300.5938  1488233.5976 0.062523
2004-08-10T01:47:31 207  36.418 70.763   6   5507356.8201  333913.0893 0.12126
2004-08-12T15:59:40 206  -11.955 166.677   5.8   9597355.3097  305763.7166 0.063718
2004-11-05T05:18:33 120  -4.359 143.916   6   12474976.9647  81780.5887 0.013111
2004-11-07T02:02:24 465  47.961 144.479   6.2   17448492.1311  2323875.3206 0.26637
2004-11-12T06:36:15 561  -26.666 -63.335   6.1   18046001.2168  1058973.7934 0.11736
2004-11-17T21:09:09 592  -20.053 -178.716   6.6   5444267.3546  965936.0983 0.35485
2004-12-17T07:13:09 592  -21.951 -179.357   5.8   10523608.3552  975723.5507 0.18544
2005-01-21T17:54:33 178  5.051 125.248   5.9   11026803.9637  233837.7161 0.042413
2005-02-05T12:23:18 540  5.29 123.436   7   15383632.133  770065.8 0.10011
2005-02-05T03:34:25 148  16.003 146.039   6.5   13377417.0069  645976.7461 0.096577
2005-02-08T14:48:21 215  -14.318 167.26   6.7   21375850.4535  356421.9768 0.033348
2005-03-02T10:42:09 198  -6.566 129.88   7.1   32245586.4576  1860496.538 0.1154
2005-03-19T17:34:45 596  -21.928 -179.544   6.2   19953215.0685  1191643.89 0.11944
2005-03-21T12:23:53 577  -24.941 -63.457   6.9   16500505.9161  657249.8702 0.079664
2005-03-30T17:41:55 586  -22.431 -179.787   5.8   26531197.7073  1684074.1196 0.12695
2005-04-11T14:54:05 129  -7.314 -77.962   5.9   42368963.2665  1479938.2136 0.06986
2005-05-20T12:40:41 560  -24.465 178.808   6   9040326.1579  352793.0389 0.078049
2005-06-02T10:56:00 195  -24.133 -67.01   6.1   7618544.5418  202937.8856 0.053275
2005-07-26T14:11:34 109  -15.339 -73.06   5.9   12105191.0252  176430.199 0.02915
2005-08-06T09:56:11 206  -19.717 -175.814   5.9   9457027.6344  497554.0869 0.10522
2005-09-21T02:25:06 102  43.883 146.233   6.1   19280190.8845  840475.046 0.087185
2005-09-26T01:55:37 129  -5.736 -76.475   7.5   76075731.9669  488475.4406 0.012842
2005-10-15T15:51:07 200  25.297 123.435   6.4   11795448.317  296971.9349 0.050354
2005-10-23T10:08:14 383  37.437 134.578   5.9   20033355.4333  1913614.8416 0.19104
2005-10-25T19:40:42 179  -7.129 145.94   5.9   10456236.4056  277914.8879 0.053158
2005-11-09T11:33:11 248  -1.042 -76.984   5.9   13869151.3975  1875771.6342 0.2705
2005-11-17T19:26:54 162  -22.368 -67.942   6.8   46180032.3651  1642468.9564 0.071133
2005-11-21T15:36:29 146  30.983 130.122   6.1   18373081.7198  434118.1586 0.047256
2005-12-08T09:01:26 222  -5.456 146.988   6.1   7202512.7337  224229.641 0.062264
2005-12-12T21:47:44 224  36.406 71.103   6.5   31373136.8208  846333.8352 0.053953
2005-12-23T21:47:26 193  -1.404 -77.59   6.1   23224259.6344  303652.976 0.02615
2006-01-02T22:13:40 584  -19.974 -178.11   7.1   10989375.0031  1716731.5239 0.31243
2006-01-15T11:58:29 262  -7.882 122.579   6.1   21863717.3648  710912.1359 0.065031
2006-02-02T12:48:43 600  -17.831 -178.284   6.7   17204829.2306  580838.2078 0.06752
2006-02-24T14:15:45 623  -18.039 -179.527   6   12293976.2228  1239555.1638 0.20165
2006-02-26T03:08:28 534  -23.668 -179.949   6.4   40694847.9109  1130138.9904 0.055542
2006-03-05T08:07:57 210  -20.206 -175.595   6   28958894.4869  2602888.0714 0.17976
2006-03-07T06:28:55 139  -14.846 167.361   6.2   36378425.7349  343551.6531 0.018888
2006-03-28T13:32:48 409  31.729 137.849   5.9   12830771.3723  634939.5443 0.098971
2006-04-30T08:17:35 134  -15.107 167.397   6.1   28295936.8183  68039.6349 0.0048091
2006-05-22T13:08:02 190  54.332 158.414   6.2   36534742.7333  665530.3111 0.036433
2006-06-02T07:31:36 592  -20.945 -178.625   6   12798248.6303  781643.6915 0.12215
2006-06-09T05:58:28 566  -17.594 -178.726   6.1   7696269.0064  558690.177 0.14518
2006-06-11T20:01:26 143  33.195 131.252   6.3   8250236.3269  181607.672 0.044025
2006-06-27T02:59:16 575  -19.958 -178.23   6   24787878.8682  624306.5036 0.050372
2006-07-15T07:10:49 371  -4.481 126.258   5.8   15116074.1239  6709705.9002 0.88776
2006-08-07T22:18:55 149  -15.841 167.817   6.8   40429372.0348  268206.6701 0.013268
2006-08-15T23:53:47 161  -21.356 -176.205   6.1   18951000.592  792446.4281 0.083631
2006-08-25T00:44:46 185  -24.345 -67.009   6.6   18567371.6073  282952.3768 0.030478
2006-09-09T04:13:12 579  -7.251 120.128   6.3   3428568.7134  950152.755 0.55426
2006-09-16T02:22:50 373  41.352 135.75   5.9   11077208.1863  195964.8569 0.035382
2006-09-17T09:34:14 142  -31.753 -67.146   6.2   10999058.8611  445628.795 0.08103
2006-09-22T02:32:24 583  -26.845 -63.115   6   10814050.2766  3524330.2531 0.65181
2006-09-30T16:26:56 108  -15.607 -73.168   6   15086893.0152  265511.2797 0.035198
2006-10-03T18:03:15 169  -18.93 169.022   6.3   24086126.5307  193408.837 0.01606
2006-10-18T10:45:35 138  -15.095 167.254   6.4   6652469.3064  24004.2323 0.0072166
2006-10-26T14:28:38 219  38.761 15.396   5.8   10491495.949  390403.0792 0.074423
2006-11-14T14:21:00 336  -6.419 128.031   6.1   18232850.5499  432641.8014 0.047457
2006-12-01T03:58:22 206  3.429 99.113   6.3   39989105.6684  955346.8601 0.04778
2006-12-12T15:48:03 215  3.697 124.89   6.3   15676048.5889  501816.4354 0.064023
2006-12-27T20:15:40 374  -5.781 154.458   6   8836722.8407  479901.1082 0.10862
2007-01-08T20:52:21 411  -18.657 -177.774   6.3   32779187.6381  771313.1691 0.047061
2007-01-15T18:17:59 171  34.919 138.671   5.9   7090521.1689  356114.4794 0.10045
2007-01-17T04:28:27 105  -3.282 139.884   6   12958601.0009  99687.5847 0.015386
2007-03-09T03:22:42 441  43.227 133.51   6   24455957.8332  2504809.8839 0.20484
2007-04-03T03:35:06 213  36.517 70.685   6.2   26250983.6127  587767.706 0.044781
2007-04-09T02:24:30 608  -20.202 -178.084   6   3111712.4172  78367.733 0.05037
2007-04-21T07:12:48 408  -3.554 151.351   6.1   14411981.3422  378441.2341 0.052518
2007-04-29T12:41:58 127  52.014 -179.962   6.2   25453236.4655  1230419.589 0.096681
2007-05-06T22:01:09 692  -19.479 -179.301   6   6282516.5118  272620.7884 0.086787
2007-05-06T21:11:53 679  -19.468 -179.329   6.5   19124643.3427  771280.0195 0.080658
2007-05-25T17:47:31 182  -24.249 -66.939   5.9   13445502.6312  580133.8659 0.086294
2007-05-29T01:03:28 134  -4.598 151.859   6.1   4791876.8057  58931.9319 0.024597
2007-05-30T20:22:13 122  52.152 157.217   6.4   32754559.7162  1223843.1128 0.074728
2007-07-01T14:34:11 130  -5.985 130.626   5.9   11919426.2979  341100.7598 0.057234
2007-07-12T05:23:49 152  -7.928 -74.325   6.1   11102016.405  1732372.3976 0.31208
2007-07-16T14:17:37 349  36.865 134.824   6.8   32778079.6648  673359.5783 0.041086
2007-07-21T15:34:52 291  -22.214 -65.749   6.4   6968432.9669  1261231.7096 0.36198
2007-08-08T17:05:06 296  -5.891 107.451   7.4   88560244.7065  2176555.6705 0.049154
2007-08-08T17:04:58 294  -6.089 107.584   7.5   20481494.7667  610533.0545 0.059618
2007-08-26T12:37:31 128  -17.475 -174.326   6.1   29667507.9356  385059.9608 0.025958
2007-09-14T11:51:30 546  -23.627 179.639   5.9   9230918.4439  1068466.9837 0.2315
2007-09-28T13:38:57 254  22.01 142.705   7.5   57598252.5314  607800.7508 0.021105
2007-10-05T07:17:54 521  -25.199 179.446   6.5   22716451.4318  880293.4295 0.077503
2007-10-16T21:05:43 501  -25.745 179.502   6.6   30083240.7186  969040.3848 0.064424
2007-10-31T03:30:18 222  18.958 145.38   7.2   85220611.3701  17918232.7699 0.42051
2007-12-15T08:03:16 181  -7.619 127.515   6   7228105.9831  371914.0926 0.10291
2008-01-15T17:52:16 597  -21.987 -179.58   6.5   9786054.7343  751277.8508 0.15354
2008-02-01T12:10:08 626  -21.589 -179.378   6   23755108.9611  538001.4192 0.045296
2008-02-16T14:45:12 132  -21.319 -68.363   6.1   6706166.0638  1682703.5376 0.50184
2008-03-06T01:21:58 121  2.569 128.316   5.9   9830091.3421  254249.1846 0.051729
2008-03-22T21:24:12 138  52.188 -178.688   6.2   12594306.8749  211383.4817 0.033568
2008-03-24T20:39:07 121  -20.078 -68.973   6.2   8261459.7449  344254.0975 0.08334
2008-04-14T09:45:16 112  -56.077 -28.097   6   13188374.6717  1002345.9788 0.152
2008-04-18T20:39:07 556  -17.392 -179.009   6.3   18143530.555  1201690.2548 0.13246
2008-06-06T13:42:49 122  -7.559 127.897   5.9   10846562.7507  534457.1204 0.098549
2008-06-15T01:13:10 589  -17.736 -179.714   5.9   8707677.2898  372088.5025 0.085462
2008-07-03T03:02:35 562  -23.514 -179.743   6.2   13440322.2312  1220634.6348 0.18164
2008-07-05T02:12:06 646  53.946 152.863   7.7   17133593.4703  5564073.7534 0.64949
2008-07-08T09:13:07 123  -15.986 -71.748   6.2   7462021.0191  194854.7886 0.052226
2008-07-19T22:39:52 389  -17.399 -177.283   6.3   21739312.8366  802052.306 0.073788
2008-07-20T21:30:30 485  27.773 139.706   5.8   4900644.3446  259251.3958 0.1058
2008-07-23T15:26:20 113  39.796 141.5   6.8   30451877.2091  1480357.6323 0.097226
2008-08-26T21:00:36 154  -7.663 -74.369   6.4   14624186.4073  225924.5141 0.030897
2008-09-01T04:00:39 170  -25.463 -177.675   6   15300782.2128  458259.9161 0.0599
2008-09-03T11:25:14 571  -26.83 -63.193   6.3   15411037.0433  2892325.0394 0.37536
2008-09-08T18:52:09 125  -13.519 166.985   6.9   11345740.5432  1363819.9989 0.24041
2008-10-12T20:55:41 358  -20.181 -64.982   6.1   32125214.9356  1789315.7166 0.1114
2008-10-22T12:55:57 235  -18.466 -175.401   6.3   15440808.5732  529043.2319 0.068525
2008-11-21T07:05:35 123  -8.936 159.54   5.9   18187987.7659  454996.9665 0.050033
2008-11-29T05:59:15 377  -18.838 -177.643   5.9   17107273.3264  1657248.9664 0.19375
2008-12-06T10:55:27 406  -7.474 124.698   6.4   9550357.6295  970065.9076 0.20315
2008-12-09T17:28:59 227  -15.979 168.178   5.9   18378465.0038  805378.1458 0.087644
2008-12-17T10:55:59 532  -17.861 -178.367   5.8   11900832.3491  437591.3808 0.07354
2008-12-25T03:20:29 209  5.776 125.523   6.3   26088541.0961  1068705.8269 0.081929
2009-01-22T20:16:34 150  -7.319 128.559   6.1   13836276.0306  270609.1269 0.039116
2009-03-05T19:33:15 538  -17.52 -178.912   5.9   18964706.1454  463570.7458 0.048888
2009-03-26T19:19:58 152  27.403 126.823   5.9   11866095.4141  262857.0247 0.044304
2009-04-21T05:26:11 157  50.727 155.188   6.2   28563664.8006  692849.7736 0.048513
2009-05-03T16:21:46 114  14.62 -91.203   6.3   10657468.4095  231545.4277 0.043452
2009-08-09T10:55:56 302  33.147 138.059   7.1   48391061.7315  2522354.972 0.10425
2009-08-18T21:20:48 277  -25.972 -178.263   6.3   37136067.2469  1233507.1497 0.066432
2009-09-02T18:00:10 262  -29.223 -178.81   6.1   9448735.0276  819486.8356 0.17346
2009-09-03T19:51:07 104  24.355 94.702   5.9   13246802.4899  448082.4219 0.067651
2009-09-03T13:26:18 167  31.18 130.183   6.2   15688160.3009  438960.2774 0.055961
2009-10-04T10:58:00 635  6.675 123.505   6.6   24158247.7877  1740312.1862 0.14408
2009-10-07T21:41:14 587  4.087 122.538   6.8   9077499.8932  803399.8062 0.17701
2009-10-10T21:24:40 134  47.833 152.562   5.9   11669293.9028  713881.0703 0.12235
2009-10-15T12:11:16 110  -3.109 139.52   6   9494321.3757  606468.3341 0.12775
2009-10-22T19:51:27 189  36.519 71.012   6.1   40417942.7291  904296.271 0.044747
2009-10-24T14:40:44 140  -6.117 130.429   6.9   30918200.9309  1060940.0711 0.068629
2009-10-29T17:44:32 214  36.382 70.768   6.2   24993754.13  589037.2545 0.047135
2009-11-09T10:44:54 591  -17.267 178.453   7.3   10282020.5099  1269512.5734 0.24694
2009-11-14T19:44:29 214  -22.959 -66.586   6.2   28917197.0929  485059.7177 0.033548
2009-11-22T22:47:27 435  -31.55 179.559   6.2   4904435.5346  484793.1535 0.1977
2009-11-22T07:48:21 527  -17.823 -178.37   6.3   20232420.6735  1174805.7291 0.11613
2009-12-10T02:30:52 653  53.399 152.798   6.3   13585690.6842  2737294.7328 0.40297
2010-01-28T08:04:11 190  -23.505 -66.847   5.9   19645569.5119  2340971.8188 0.23832
2010-02-07T22:28:20 546  -23.315 -179.815   5.9   6134847.4255  465576.1801 0.15178
2010-02-18T01:13:18 574  42.603 130.699   6.9   9135672.6939  557351.6595 0.12202
2010-03-04T14:02:28 190  -13.625 167.233   6.5   26288104.2635  448835.3905 0.034147
2010-03-08T09:47:10 447  19.351 144.76   6.1   11409129.4354  1870567.7206 0.32791
2010-03-20T14:00:50 419  -3.375 152.279   6.6   22084994.2515  1447704.1331 0.1311
2010-04-09T22:23:03 118  -28.586 -68.2   5.8   13400278.1088  691675.9849 0.10323
2010-04-11T22:08:11 620  37.008 -3.476   6.3   16175006.3504  1075159.0564 0.13294
2010-05-16T00:33:09 146  0.494 124.601   5.8   4296616.7156  915948.0734 0.42636
2010-05-19T04:15:42 129  -5.125 -77.497   6   15193298.6182  373065.4935 0.049109
2010-05-23T22:46:51 103  -14 -74.432   6.1   11873817.6533  607000.8964 0.10224
2010-05-24T16:18:28 582  -8.115 -71.641   6.5   4903540.8074  877875.4399 0.35806
2010-05-31T19:51:47 132  11.211 93.652   6.5   40765506.1911  1876687.9347 0.092072
2010-06-30T04:31:01 573  -23.285 179.18   6.4   8571691.0816  495387.3386 0.11559
2010-07-08T12:48:21 506  -24.011 -179.746   5.8   10854951.9058  266096.4111 0.049028
2010-07-12T00:11:20 109  -22.279 -68.316   6.2   59908524.4582  502171.5228 0.016765
2010-07-21T09:16:05 112  3.003 128.179   6.1   11620218.4991  1309167.2304 0.22533
2010-07-23T22:51:13 585  6.423 123.58   7.7   29426360.245  2860134.4832 0.19439
2010-07-23T22:08:11 610  6.711 123.488   7.3   3861858.0872  941996.6761 0.48785
2010-07-24T05:35:01 565  6.171 123.563   6.6   10052571.9913  1050781.1496 0.20906
2010-07-29T07:31:56 616  6.558 123.36   6.6   5017589.2277  839581.4857 0.33466
2010-08-04T07:15:33 220  -5.518 146.859   6.5   16654333.0255  260239.1513 0.031252
2010-08-12T11:54:15 207  -1.278 -77.369   7.1   31814826.8495  3112501.561 0.19566
2010-08-15T15:09:29 181  -5.782 148.375   6.3   10650187.7442  373637.014 0.070165
2010-08-16T19:35:48 601  -20.842 -178.756   6.2   15839172.132  1072787.4688 0.13546
2010-09-13T07:15:49 176  -14.653 -70.843   5.8   10677520.6726  462530.0195 0.086636
2010-09-17T19:21:15 215  36.535 70.969   6.2   3422638.5021  773884.8459 0.45222
2010-09-26T18:27:58 229  52.446 179.779   5.8   3129154.1249  352965.2413 0.2256
2010-11-30T03:24:41 485  28.394 139.239   6.8   3367492.0789  297491.4415 0.17668
2010-12-13T01:14:42 145  -6.527 155.696   6.2   18930775.5048  453453.2156 0.047906
2010-12-15T11:29:30 140  -7.266 128.794   6   11669982.9786  273161.6508 0.046814
2011-01-01T09:56:58 584  -26.851 -63.237   7   11366139.293  3796758.3428 0.66808
2011-01-05T06:46:15 123  -22.295 171.684   6.1   26593209.31  502190.1234 0.037768
2011-01-12T21:32:54 525  26.967 140.016   6.5   12726003.8376  1724636.5033 0.27104
2011-01-24T02:45:30 102  38.402 72.847   6.1   6564031.562  494786.8455 0.15076
2011-02-07T19:53:42 415  -7.093 155.318   6.5   15637567.07  851273.3343 0.10888
2011-02-10T14:41:59 531  4.046 123.034   6.5   24268689.1579  2387448.6805 0.19675
2011-02-10T14:39:28 533  4.13 123.062   6.5   8677010.0578  992857.1957 0.22885
2011-02-21T10:57:51 552  -26.044 178.476   6.5   23721951.9746  4648616.0736 0.39193
2011-03-10T17:08:37 519  -6.857 116.73   6.6   25432780.8656  3138805.6021 0.24683
2011-03-21T09:49:01 194  36.52 70.956   5.8   6839516.4938  346702.9527 0.10138
2011-04-03T14:07:08 547  -17.607 -178.534   6.4   9465570.0965  1036836.7646 0.21908
2011-04-07T13:11:23 165  17.265 -94.144   6.7   28588739.0675  133733.4888 0.0093557
2011-04-16T01:11:10 140  25.361 124.031   5.8   13354909.5546  457461.2745 0.068508
2011-05-14T21:07:21 208  36.426 70.723   6   15011716.7972  388773.0439 0.051796
2011-06-08T03:06:21 141  -17.211 -69.688   5.9   33129455.9066  2467116.2231 0.14894
2011-07-16T17:06:39 257  -7.181 127.574   5.9   6160437.6826  1665349.6004 0.54066
2011-07-22T06:56:39 603  -20.298 -178.444   5.9   12811965.4622  658962.2371 0.10287
2011-07-29T07:42:22 523  -23.728 179.825   6.7   30070180.7347  2620724.0574 0.17431
2011-08-24T17:46:11 149  -7.62 -74.538   7   45884172.4487  1456786.8345 0.063498
2011-08-25T10:39:53 118  -13.663 167.03   5.9   14946157.6662  348839.3143 0.046679
2011-08-30T06:57:41 467  -6.359 126.75   6.9   24258466.3527  601637.1004 0.049602
2011-09-05T17:55:12 107  3.025 97.999   6.7   48458392.5775  2977545.4674 0.12289
2011-09-15T19:31:03 629  -21.593 -179.324   7.3   12181260.2449  1602218.4466 0.26306
2011-10-21T08:02:37 189  43.873 142.531   6.2   25155911.0483  1915227.8716 0.15227
2011-10-27T00:15:24 606  -17.942 -179.43   6   3669830.4683  335371.7362 0.18277
2011-10-31T07:16:21 160  52.361 177.882   5.9   8293691.8113  408775.1108 0.098575
2011-11-07T22:35:25 177  11.692 -85.784   6   16110581.7886  1583067.3342 0.19653
2011-11-21T03:15:42 119  24.931 95.166   5.8   9504907.8909  489661.4944 0.10303
2011-11-22T18:48:16 560  -15.308 -65.163   6.6   35785505.5642  8216436.9494 0.4592
2011-11-28T09:13:11 624  -7.034 116.965   5.8   6455340.0892  1913643.5923 0.59289
2011-12-11T09:54:56 131  -56.049 -28.213   6.3   35784385.8677  1427284.4452 0.079771
2011-12-14T05:04:57 129  -7.528 146.814   7.1   60230949.4738  1740699.2314 0.057801
2012-01-01T05:27:55 360  31.468 138.183   6.8   33666026.0674  802996.1089 0.047704
2012-01-24T00:52:04 579  -24.899 178.6   6.3   16187445.751  574060.4368 0.070927
2012-02-10T01:47:33 577  -18.012 -178.436   6   9559574.1664  2860069.7491 0.59837
2012-03-05T07:46:09 552  -28.258 -63.292   6.1   14957189.5371  1709823.1358 0.22863
2012-03-21T22:15:05 118  -6.223 146.008   6.6   24344730.76  461741.4842 0.037934
2012-04-17T07:13:49 208  -5.534 147.125   6.9   53122740.1362  826685.8747 0.031124
2012-04-28T10:08:07 133  -18.729 -174.686   6.7   27310273.372  507725.3804 0.037182
2012-05-26T21:48:10 487  26.91 140.055   6   8026372.3662  604018.1892 0.15051
2012-05-28T21:47:09 211  -19.962 -175.976   5.9   11476018.6965  542178.0374 0.094489
2012-05-28T05:07:23 587  -28.043 -63.094   6.7   15250808.3205  1634340.6159 0.21433
2012-06-02T07:52:53 527  -22.059 -63.555   5.9   13378974.4726  1032236.8425 0.15431
2012-06-07T16:03:18 110  -15.877 -72.413   6.1   42356929.3703  1059573.3684 0.050031
2012-06-07T09:01:51 266  -20.192 -176.34   5.8   10290773.2943  366155.0513 0.071162
2012-07-03T10:36:15 230  -40.023 173.756   6.3   10485434.7843  882019.5404 0.16824
2012-07-18T08:09:46 537  -20.872 -178.508   5.9   8601673.8247  383330.4479 0.089129
2012-08-02T09:38:30 145  -8.414 -74.259   6.1   11259494.2972  206561.0152 0.036691
2012-08-05T13:55:10 484  -21.15 -178.358   5.8   9420412.1503  358090.8503 0.076024
2012-09-30T16:31:35 170  1.929 -76.362   7.2   15582735.0094  371357.473 0.047663
2012-10-17T04:42:30 326  4.232 124.52   6   13331710.1279  869505.842 0.13044
2012-10-23T09:39:30 123  -22.312 171.691   5.8   34419683.2434  999205.2885 0.05806
2012-10-23T08:53:38 436  29.057 139.251   5.9   19505721.7208  1957563.686 0.20072
2012-11-10T14:57:50 129  -8.866 -75.071   6   20978651.2252  434104.5135 0.041385
2012-11-22T13:07:10 517  -22.742 -63.571   5.9   9972003.3696  4770096.2689 0.9567
2012-12-07T18:19:06 163  -38.428 176.067   6.3   9328896.3418  73318.3444 0.015719
2012-12-10T16:53:08 155  -6.533 129.825   7.1   43033614.0687  669513.5482 0.031116
2012-12-21T22:28:08 201  -14.344 167.286   6.7   34263566.3239  795666.6236 0.046444
2013-02-09T14:16:07 145  1.142 -77.4   6.9   30976604.4559  1222117.4431 0.078906
2013-02-22T12:01:59 586  -27.993 -63.195   6.1   20750684.3891  2289743.452 0.22069
2013-04-05T13:00:02 562  42.713 131.105   6.3   10683640.9435  2012891.6173 0.37682
2013-04-06T00:29:55 563  42.726 130.976   5.8   5136460.1393  352990.235 0.13744
2013-04-13T22:49:50 280  -19.141 169.535   6   27991301.9067  277935.2106 0.019859
2013-04-21T03:22:16 422  29.933 138.887   6.1   10293426.3486  3816653.162 0.74157
2013-04-26T06:53:28 349  -28.736 -178.916   6.2   13285963.0089  706495.9641 0.10635
2013-05-11T20:46:57 212  -17.954 -175.099   6.4   17473603.5121  401640.0182 0.045971
2013-05-14T00:32:25 602  18.728 145.287   6.8   26895643.7458  865424.764 0.064354
2013-05-23T17:19:04 171  -23.025 -177.109   7.4   40348127.2169  2488332.4936 0.12334
2013-06-15T11:20:36 195  -33.853 179.402   6   22252475.4425  186860.6976 0.016795
2013-07-07T18:35:30 386  -3.923 153.92   7.3   10134251.5758  1410386.9172 0.27834
2013-07-24T03:32:33 156  -23.132 -177.222   5.9   6050358.0676  843532.6028 0.27884
2013-08-04T15:56:35 375  46.992 145.258   5.8   10543317.254  1850615.0609 0.35105
2013-08-23T08:34:06 111  -22.274 -68.593   5.8   17807427.1788  259361.9795 0.02913
2013-08-30T02:11:02 203  -4.441 151.611   5.8   12325114.0072  430549.351 0.069865
2013-09-01T11:52:29 112  -7.44 128.221   6.5   11778604.8512  1588460.1756 0.26972
2013-09-04T00:18:23 402  29.938 138.833   6.5   26885314.7839  826338.0239 0.061471
2013-10-01T03:38:21 573  53.2 152.786   6.7   39592785.2664  2927773.7146 0.14789
2013-10-11T21:25:00 151  -30.662 -178.484   6.2   13927226.5228  247637.3941 0.035562
2013-10-23T08:23:30 160  -23.007 -177.143   6   7285341.5865  199199.9636 0.054685
2013-11-03T11:03:38 532  4.657 123.347   5.9   8854473.3198  967166.3325 0.21846
2013-11-19T17:00:44 511  18.475 145.204   6   9916892.7579  975978.4549 0.19683
2013-11-23T07:48:32 371  -17.117 -176.545   6.5   48592651.7591  818170.397 0.033675
2014-01-01T16:03:29 187  -13.863 167.249   6.5   32571817.0705  1905655.5383 0.11701
2014-02-01T03:58:43 130  -56.827 -27.339   6.1   23771492.2246  554942.9499 0.04669
2014-02-07T08:40:13 122  -15.069 167.372   6.5   13484483.0063  157214.5426 0.023318
2014-03-02T20:11:23 119  27.431 127.367   6.5   45400435.9176  346999.8696 0.015286
2014-03-05T09:56:57 638  -14.738 169.823   6.3   13929334.8841  577346.4757 0.082896
2014-03-10T17:33:29 260  -5.48 147.955   5.9   8824169.7347  516139.9972 0.11698
2014-05-01T06:36:35 106  -21.454 170.355   6.6   22042547.102  905370.4831 0.082148
2014-05-04T20:18:24 153  34.912 139.419   6   10454699.3556  367008.7822 0.070209
2014-05-04T09:15:52 527  -24.611 179.086   6.6   18355289.8678  930853.2321 0.10143
2014-05-09T10:32:22 192  -18.962 -175.536   5.9   7361437.3064  743333.5628 0.20195
2014-05-21T10:06:15 120  17.121 -95.073   5.8   3754929.579  639737.8176 0.34075
2014-06-30T19:55:32 511  28.34 138.844   6.2   6636895.6725  361729.4115 0.10901
2014-07-19T12:27:10 227  -15.824 -174.452   6.2   19436658.756  350453.152 0.036061
2014-07-21T14:54:41 615  -19.802 -178.4   6.9   22918582.9435  1500789.6291 0.13097
2014-08-27T23:11:34 115  -15.046 167.391   5.9   20009604.533  137338.8895 0.013727
2014-09-17T06:14:45 130  13.764 144.429   6.7   33742134.7204  567693.0618 0.033649
2014-09-24T11:16:15 224  -23.801 -66.632   6.2   9665744.3877  312095.5898 0.064578
2014-11-01T18:57:22 434  -19.69 -177.759   7.1   38667253.7347  485217.1863 0.025097
2014-12-02T05:11:31 614  6.157 123.126   6.6   21920765.6098  2686819.4636 0.24514
2014-12-06T22:05:10 116  -6.11 130.483   6   15717104.1127  341297.2516 0.04343
2014-12-10T21:03:39 256  25.54 122.45   6.1   8915844.4886  326799.9897 0.073308
2014-12-12T20:22:35 316  -18.904 -176.444   5.8   9591567.3499  456720.6821 0.095234
2014-12-30T21:17:23 599  -20.326 -178.564   6   13859135.536  534420.4713 0.077122
2014-12-31T01:37:33 123  -4.438 144.002   5.8   5023397.3013  54865.2316 0.021844
2015-01-23T03:47:27 220  -17.031 168.52   6.8   51646638.1807  685441.2955 0.026544
2015-01-28T02:43:19 484  -20.966 -178.303   6.2   10526322.9225  1841935.8629 0.34997
2015-02-02T10:49:48 172  -32.718 -67.123   6.3   15790263.3461  1394150.0913 0.17658
2015-02-11T18:57:22 223  -23.113 -66.688   6.7   25053528.8906  461372.7289 0.036831
2015-02-27T13:45:05 552  -7.297 122.535   7   31771601.1182  3385166.8075 0.21309
2015-03-10T20:55:44 155  6.776 -72.987   6.2   9319161.8863  954331.6324 0.20481
2015-03-16T03:00:05 196  -4.074 152.029   5.9   11552409.283  1128711.4922 0.19541
2015-04-02T04:10:10 560  -17.861 -178.583   5.9   14425809.1335  897070.8731 0.12437
2015-04-28T16:39:39 581  -20.887 -178.633   6.1   10309862.7665  1122803.5477 0.21781
2015-05-15T20:26:56 151  -2.542 102.219   6   12895264.2828  1647423.7585 0.25551
2015-05-20T00:30:54 203  -19.302 -175.525   6   15923527.8668  297443.0583 0.037359
2015-05-30T11:23:02 664  27.839 140.493   7.8   37477894.9167  5384037.4898 0.28732
2015-06-10T13:52:09 124  -22.4 -68.432   6   17806758.1364  481176.6808 0.054044
2015-06-16T06:17:01 656  -20.394 -179.002   5.9   8333931.0522  359224.1596 0.086208
2015-06-20T23:39:09 151  -23.529 -177.084   5.9   7244998.0225  403407.9675 0.11136
2015-06-21T21:28:16 563  -20.431 -178.328   6   11435379.134  541610.4199 0.094725
2015-06-23T12:18:30 460  27.738 139.725   6.5   4845831.8205  602400.4205 0.24863
2015-07-29T02:35:59 119  59.894 -153.196   6.3   29099285.7994  1302678.7118 0.089533
2015-09-07T08:46:09 535  -24.243 179.128   6   5397199.506  864196.1641 0.32024
2015-09-28T15:28:05 219  -23.803 -66.613   5.9   7379461.6026  459731.1683 0.1246
2015-10-19T13:50:41 106  13.865 120.617   5.8   9330765.7328  741547.2517 0.15895
2015-11-24T22:50:54 621  -10.06 -71.018   7.6   20369058.4511  2041823.5535 0.20048
2015-11-24T22:45:38 606  -10.537 -70.944   7.5   28266980.4893  2109614.7868 0.14926
2015-11-24T13:21:35 587  18.779 145.266   6   15280686.3114  958790.7799 0.12549
2015-11-26T05:45:18 603  -9.182 -71.257   6.7   22689674.8454  1964152.4752 0.17313
2015-12-24T23:10:58 119  -7.218 128.977   5.8   17996199.6829  116172.6335 0.012911
2015-12-25T19:14:47 206  36.493 71.126   6.3   10842562.466  1676075.3855 0.30917
2016-01-02T04:22:19 586  44.807 129.941   5.8   9731690.1185  1146847.0391 0.23569
2016-01-13T05:56:02 263  -15.17 -174.875   5.9   13800241.9332  212561.2369 0.030805
2016-01-14T03:25:28 583  -19.76 -63.329   6.1   14462065.438  1399543.5235 0.19355
2016-01-30T03:25:12 177  53.979 158.535   7.2   19251573.3007  2001937.9328 0.20798
2016-02-01T19:00:46 391  -30.761 -179.951   6.2   16990362.8928  663715.1408 0.078128
